cost:
  depot_penalty_per_visit: 0.0
model:
  feedforward_multiplier: 1.0375759509466702
  hidden_dim: 72
  name: GAT+RL
  num_heads: 3
  num_layers: 2
  transformer_dropout: 0.1419250819549979
problem:
  num_customers: 20
training:
  batch_size: 301
  learning_rate: 0.00046918962284098556
  num_epochs: 64
  num_instances: 3611
training_advanced:
  early_stopping_patience: 20
  entropy_coef: 0.01926226846263764
  gradient_clip_norm: 2.611334621695379
  temp_adaptation_rate: 0.19261099360134987
  temp_min: 0.2306163075223342
  temp_start: 3.3181799896410524
  weight_decay: 0.0007133747470888437
working_dir_path: results/small
