cost:
  depot_penalty_per_visit: 0.0
model:
  feedforward_multiplier: 1.5349993034243097
  hidden_dim: 75
  name: GAT+RL
  num_heads: 5
  num_layers: 2
  transformer_dropout: 0.14921253948662178
problem:
  num_customers: 20
training:
  batch_size: 304
  learning_rate: 0.00036894439804188814
  num_epochs: 64
  num_instances: 1331
training_advanced:
  early_stopping_patience: 29
  entropy_coef: 0.0010147965509792723
  gradient_clip_norm: 2.9805288982280445
  temp_adaptation_rate: 0.2304996930667062
  temp_min: 0.12256463161084011
  temp_start: 3.1272211823721325
  weight_decay: 1.9307837536547152e-05
working_dir_path: results/small
