cost:
  depot_penalty_per_visit: 0.0
model:
  feedforward_multiplier: 1.2568453326592057
  hidden_dim: 35
  name: GAT+RL
  num_heads: 5
  num_layers: 3
  transformer_dropout: 0.23316113521378512
problem:
  num_customers: 20
training:
  batch_size: 491
  learning_rate: 0.004164612549965513
  num_epochs: 64
  num_instances: 2559
training_advanced:
  early_stopping_patience: 28
  entropy_coef: 0.0061083908196153565
  gradient_clip_norm: 0.6156936180627391
  temp_adaptation_rate: 0.09118696258920236
  temp_min: 0.49681520248393596
  temp_start: 3.3710547819748973
  weight_decay: 0.0009698017766709309
working_dir_path: results/small
