cost:
  depot_penalty_per_visit: 0.0
model:
  feedforward_multiplier: 1.9609169785268
  hidden_dim: 36
  name: GT+RL
  num_heads: 2
  num_layers: 2
  transformer_dropout: 0.2477068166382724
problem:
  num_customers: 20
training:
  batch_size: 430
  learning_rate: 0.00012659305598684609
  num_epochs: 64
  num_instances: 4029
training_advanced:
  early_stopping_patience: 28
  entropy_coef: 0.01823987852414338
  gradient_clip_norm: 2.3081692062137478
  temp_adaptation_rate: 0.05789586057644604
  temp_min: 0.461513337944363
  temp_start: 3.4155792604038817
  weight_decay: 0.00014745481524276432
working_dir_path: results/small
